0 0.2175 0.4400 0.2200 0.4580 0.2437 0.4880 0.2338 0.5140 0.2275 0.5880 0.2263 0.7460 0.2325 0.7900 0.2575 0.8580 0.3262 0.9580 0.3775 0.9920 0.4400 0.9820 0.4637 0.9580 0.4950 0.8660 0.5275 0.8580 0.5675 0.7840 0.5600 0.7440 0.5125 0.7880 0.4487 0.7520 0.4288 0.6720 0.3812 0.6020 0.4113 0.5900 0.4462 0.5940 0.4600 0.5820 0.4625 0.5640 0.4200 0.5480 0.4200 0.5260 0.3862 0.5360 0.3100 0.4640 0.2462 0.4400
0 0.8662 0.1400 0.8700 0.1520 0.8525 0.1720 0.8438 0.1960 0.8450 0.2200 0.8550 0.2400 0.8550 0.2720 0.8413 0.2920 0.8125 0.2900 0.8125 0.3080 0.8550 0.3260 0.8650 0.3400 0.8738 0.3420 0.9313 0.3920 0.9475 0.3940 0.9587 0.3860 0.9700 0.3720 0.9738 0.3300 0.9738 0.2940 0.9688 0.2680 0.9600 0.2420 0.9337 0.1920 0.9038 0.1480 0.8925 0.1440 0.8825 0.1320
0 0.8438 0.8860 0.8387 0.9160 0.8413 0.9480 0.8550 0.9740 0.8775 0.9980 0.9988 0.9980 0.9988 0.8140 0.9750 0.7900 0.9525 0.7760 0.9387 0.7720 0.9050 0.7780 0.8950 0.7880 0.8812 0.8300 0.8700 0.8480 0.8538 0.8640
0 0.4475 0.0520 0.4425 0.0460 0.4050 0.0480 0.3925 0.0400 0.3762 0.0380 0.2888 0.0860 0.2700 0.1060 0.2487 0.1400 0.2338 0.2020 0.2450 0.2040 0.2537 0.2200 0.2687 0.2320 0.2988 0.2420 0.3225 0.2780 0.3500 0.2820 0.3525 0.2780 0.3513 0.2680 0.3262 0.2320 0.3225 0.2140 0.3237 0.2040 0.3287 0.1960 0.3438 0.1900 0.3438 0.1800 0.3563 0.1440 0.3700 0.1220 0.3900 0.1060 0.4138 0.0720 0.4437 0.0620
0 0.5787 0.0560 0.5763 0.0520 0.5463 0.0520 0.4975 0.0320 0.4775 0.0320 0.4575 0.0420 0.4437 0.0640 0.4263 0.0680 0.4113 0.0780 0.3912 0.1080 0.3750 0.1200 0.3625 0.1360 0.3488 0.1820 0.3488 0.1960 0.3550 0.2200 0.3675 0.2500 0.4075 0.2720 0.4163 0.2620 0.4200 0.2500 0.4338 0.2380 0.4375 0.2220 0.4350 0.2120 0.4425 0.2000 0.4562 0.1600 0.4688 0.1400 0.4813 0.1260 0.5175 0.1060 0.5275 0.0740 0.5713 0.0720 0.5787 0.0660
0 0.6325 0.1700 0.6150 0.1520 0.5950 0.1160 0.5800 0.1020 0.5675 0.0960 0.5300 0.1000 0.5150 0.1140 0.4875 0.1260 0.4675 0.1460 0.4525 0.1760 0.4363 0.2380 0.4200 0.2520 0.4075 0.2740 0.4175 0.3200 0.4338 0.3340 0.4462 0.3540 0.4500 0.3840 0.4637 0.3860 0.5012 0.3420 0.5175 0.3400 0.5337 0.3200 0.5575 0.3180 0.5625 0.3120 0.5663 0.2960 0.5637 0.2840 0.5487 0.2680 0.5387 0.2480 0.5350 0.2260 0.5413 0.2140 0.5975 0.1760 0.6338 0.1800
0 0.7037 0.3140 0.6913 0.2780 0.6512 0.1980 0.6288 0.1820 0.5988 0.1800 0.5537 0.2080 0.5387 0.2240 0.5437 0.2520 0.5613 0.2620 0.5687 0.2880 0.5687 0.3020 0.5500 0.3580 0.5550 0.3900 0.5225 0.4280 0.5000 0.4340 0.4537 0.4320 0.4525 0.4460 0.4688 0.4720 0.4963 0.4780 0.5162 0.4680 0.5563 0.4760 0.5763 0.4720 0.6100 0.4880 0.6200 0.4760 0.6875 0.4420 0.6937 0.4340 0.7075 0.3600
0 0.5863 0.1020 0.6025 0.1220 0.6125 0.1440 0.6288 0.1580 0.6425 0.1780 0.6663 0.1880 0.6750 0.1880 0.6937 0.1600 0.7050 0.1500 0.7800 0.1200 0.7987 0.1080 0.8063 0.0960 0.8050 0.0780 0.7975 0.0760 0.7925 0.0860 0.7762 0.0860 0.6875 0.0580 0.6175 0.0580 0.6075 0.0620 0.6038 0.0680 0.6025 0.0780 0.5925 0.0880
0 0.8488 0.1080 0.8250 0.0820 0.8125 0.0780 0.8087 0.1000 0.8037 0.1100 0.7150 0.1480 0.6937 0.1640 0.6800 0.1880 0.6725 0.2300 0.7087 0.3160 0.7438 0.3240 0.7688 0.3240 0.7788 0.3200 0.7850 0.3140 0.7875 0.2900 0.8050 0.2500 0.8313 0.2560 0.8425 0.2480 0.8450 0.2380 0.8413 0.2120 0.8425 0.1940 0.8512 0.1700 0.8638 0.1540
0 0.5813 0.9980 0.8075 0.9980 0.8075 0.9720 0.8175 0.9260 0.8462 0.8660 0.8662 0.8480 0.8800 0.8260 0.8875 0.8000 0.8750 0.7980 0.8488 0.8160 0.8225 0.8240 0.7712 0.8000 0.7425 0.8000 0.7163 0.7780 0.6975 0.7720 0.6800 0.7720 0.6538 0.7940 0.6425 0.7940 0.6288 0.8180 0.6250 0.8580 0.6262 0.8880 0.6362 0.9020 0.6350 0.9080 0.5887 0.9780
0 0.9988 0.5760 0.9850 0.5380 0.9637 0.5100 0.9125 0.4860 0.8988 0.4940 0.8988 0.5360 0.8337 0.5560 0.8050 0.5760 0.8000 0.5680 0.7462 0.5680 0.7300 0.5860 0.6975 0.5940 0.6875 0.5880 0.6950 0.5800 0.6975 0.5580 0.6775 0.5520 0.6512 0.5820 0.6450 0.6220 0.6562 0.6480 0.6837 0.6600 0.6813 0.6820 0.6687 0.6980 0.6388 0.7060 0.6088 0.7340 0.5600 0.8040 0.5575 0.8360 0.5613 0.8440 0.6225 0.8500 0.6338 0.8000 0.6800 0.7680 0.7075 0.7700 0.7450 0.7940 0.8413 0.8100 0.8788 0.7820 0.9350 0.7660 0.9875 0.6660 0.9988 0.6260
