0 0.5500 0.1020 0.5238 0.1180 0.5100 0.1400 0.5000 0.1700 0.5062 0.2080 0.5050 0.2620 0.5225 0.3040 0.5550 0.3460 0.5637 0.4800 0.5813 0.4860 0.5850 0.4760 0.5825 0.3720 0.6200 0.4020 0.6238 0.4480 0.6438 0.4400 0.6412 0.4020 0.6450 0.3960 0.6787 0.3920 0.6987 0.4020 0.7075 0.3920 0.7125 0.3740 0.7037 0.3640 0.6887 0.3260 0.6813 0.2640 0.6875 0.2540 0.6963 0.2600 0.7137 0.2560 0.6850 0.2360 0.6562 0.2360 0.6188 0.2100 0.6150 0.1680 0.5950 0.1220 0.5725 0.1040
0 0.7600 0.0000 0.6913 0.0000 0.6875 0.0100 0.6713 0.0160 0.6525 0.0160 0.6375 0.0220 0.6188 0.0380 0.6050 0.0620 0.5962 0.0620 0.5925 0.0720 0.5925 0.0900 0.5950 0.0940 0.6062 0.0920 0.6250 0.1280 0.6325 0.1340 0.6438 0.1340 0.6575 0.0960 0.6700 0.0760 0.6850 0.0620 0.6937 0.0580 0.7200 0.0600 0.7538 0.0480 0.7588 0.0320
0 0.2112 0.7020 0.1913 0.6840 0.1787 0.6260 0.1700 0.6060 0.1487 0.5820 0.1163 0.5640 0.1000 0.5620 0.0825 0.5440 0.0762 0.5440 0.0650 0.5560 0.0488 0.5560 0.0450 0.5660 0.0488 0.5820 0.0563 0.5900 0.0563 0.6000 0.0288 0.6320 0.0000 0.6380 0.0000 0.8560 0.0262 0.8480 0.0512 0.8480 0.0750 0.8320 0.0963 0.8000 0.1437 0.7540 0.1975 0.7240 0.2075 0.7140
0 0.3862 0.7020 0.3663 0.6540 0.3425 0.6360 0.3013 0.6260 0.2587 0.6340 0.2087 0.6060 0.1825 0.6060 0.1812 0.6220 0.2162 0.6580 0.2325 0.7040 0.2213 0.7180 0.1237 0.7760 0.0638 0.8460 0.0000 0.8640 0.0000 0.9980 0.3362 0.9940 0.3787 0.8980 0.3825 0.8340 0.3937 0.7820
0 0.9012 0.1960 0.8950 0.1500 0.8825 0.1240 0.8575 0.0940 0.8462 0.0880 0.8263 0.0880 0.8137 0.0980 0.8013 0.1180 0.7887 0.1600 0.7738 0.1680 0.7388 0.2040 0.7325 0.2160 0.7225 0.2140 0.7188 0.2220 0.7250 0.2340 0.7338 0.2420 0.7638 0.2560 0.7662 0.2620 0.7662 0.2780 0.7825 0.2580 0.8050 0.2440 0.8200 0.2440 0.8488 0.2540 0.8588 0.2300 0.8675 0.2180 0.8838 0.2060 0.8988 0.2040
0 0.4163 0.4040 0.3688 0.4680 0.3525 0.5360 0.3563 0.6320 0.3787 0.6680 0.3962 0.7440 0.3975 0.7860 0.3862 0.8300 0.3837 0.8820 0.3887 0.9360 0.4037 0.9980 0.5687 0.9980 0.5962 0.9020 0.6188 0.9060 0.6262 0.8960 0.6262 0.8520 0.5713 0.7340 0.5725 0.6880 0.5663 0.6440 0.5463 0.5820 0.5400 0.5320 0.5150 0.4580 0.4950 0.4240 0.4688 0.4000 0.4363 0.3960
0 0.9988 0.9980 0.9988 0.9160 0.9100 0.7960 0.8562 0.7600 0.8413 0.7620 0.7950 0.8060 0.7762 0.8400 0.7600 0.8960 0.7150 0.9200 0.6512 0.9280 0.6338 0.9440 0.6438 0.9580 0.6763 0.9720 0.7338 0.9640 0.7462 0.9980
0 0.8488 0.0760 0.8438 0.0560 0.8387 0.0480 0.8087 0.0420 0.7825 0.0420 0.7188 0.0640 0.6913 0.0620 0.6750 0.0740 0.6562 0.1020 0.6475 0.1260 0.6450 0.1580 0.6625 0.1920 0.6825 0.2100 0.6987 0.2160 0.7125 0.2160 0.7200 0.2100 0.7300 0.2100 0.7738 0.1640 0.7863 0.1560 0.8013 0.1140 0.8125 0.0960 0.8287 0.0840 0.8450 0.0860
0 0.8712 0.2180 0.8575 0.2380 0.8538 0.2520 0.8550 0.2580 0.8925 0.3040 0.9150 0.3460 0.9350 0.4060 0.9475 0.4760 0.9738 0.5400 0.9838 0.5440 0.9988 0.5380 0.9988 0.3540 0.9675 0.2780 0.9450 0.2420 0.9213 0.2180 0.9062 0.2100 0.8888 0.2080
0 0.7675 0.2800 0.7412 0.3420 0.7200 0.3740 0.7150 0.3960 0.7037 0.4140 0.6975 0.4440 0.7163 0.4440 0.7312 0.4120 0.7600 0.3820 0.7638 0.3900 0.7575 0.4420 0.7688 0.4760 0.8275 0.5160 0.9850 0.6620 0.9838 0.5900 0.9788 0.5620 0.9537 0.5020 0.9337 0.4100 0.9000 0.3200 0.8450 0.2540 0.8013 0.2480
0 0.5138 0.0000 0.4575 0.0000 0.4188 0.0400 0.4062 0.0640 0.4025 0.0800 0.4012 0.1040 0.4075 0.1100 0.4200 0.1340 0.4288 0.1760 0.4387 0.1920 0.4587 0.2060 0.4738 0.2220 0.4788 0.2180 0.4775 0.1960 0.4825 0.1700 0.4863 0.1660 0.4975 0.1700 0.5125 0.1300 0.5350 0.1020 0.5350 0.0840 0.5300 0.0680 0.5312 0.0600 0.5363 0.0540 0.5550 0.0740 0.5613 0.0700 0.5613 0.0600 0.5525 0.0440
