0 0.6813 0.5860 0.6713 0.6280 0.6550 0.6360 0.6162 0.6800 0.6000 0.7180 0.5925 0.7480 0.5975 0.9940 0.8050 0.9980 0.8087 0.9740 0.8075 0.9000 0.8013 0.8480 0.8050 0.7960 0.7925 0.7480 0.7875 0.7100 0.7700 0.6640 0.7512 0.6380 0.7212 0.6200 0.6925 0.6220 0.6887 0.5960
0 0.0813 0.5040 0.0400 0.5540 0.0000 0.5680 0.0000 0.9980 0.0625 0.9980 0.0788 0.9400 0.0875 0.8740 0.1125 0.9860 0.1200 0.9980 0.1350 0.9980 0.1425 0.9900 0.1350 0.9580 0.1350 0.9140 0.1288 0.8820 0.1338 0.7980 0.1250 0.6700 0.1100 0.6140 0.0800 0.5660 0.0788 0.5480 0.0850 0.5240
0 0.4138 0.6740 0.3962 0.6560 0.3837 0.6620 0.3638 0.6520 0.3375 0.6520 0.3013 0.6680 0.2850 0.6820 0.2700 0.7040 0.2475 0.7600 0.2437 0.8040 0.1825 0.9580 0.1588 0.9980 0.3725 0.9940 0.3862 0.9060 0.4338 0.7440 0.4350 0.7260
0 0.2387 0.0220 0.2137 0.0520 0.1925 0.0440 0.1688 0.0460 0.1562 0.0280 0.1537 0.0340 0.1575 0.0540 0.1363 0.0820 0.1225 0.1140 0.0963 0.2300 0.0975 0.3280 0.1025 0.3500 0.1025 0.3960 0.1100 0.3960 0.1187 0.3840 0.1250 0.3500 0.1500 0.3400 0.1737 0.3560 0.1725 0.3860 0.1812 0.4320 0.1925 0.4400 0.2050 0.4340 0.1938 0.3840 0.2112 0.3020 0.2200 0.3060 0.2225 0.2980 0.2263 0.2280 0.2350 0.1720 0.2350 0.1220 0.2250 0.0760 0.2313 0.0700 0.2400 0.0460
0 0.8700 0.6380 0.8600 0.6700 0.8225 0.7080 0.7987 0.7520 0.8087 0.8040 0.8075 0.8700 0.8125 0.9300 0.8125 0.9900 0.8187 0.9980 0.9950 0.9980 0.9925 0.9620 0.9962 0.9520 0.9962 0.9320 0.9812 0.8600 0.9838 0.8140 0.9675 0.7440 0.9537 0.7180 0.9275 0.6860 0.9075 0.6740 0.8800 0.6700 0.8775 0.6440
0 0.0663 0.2060 0.0512 0.2040 0.0262 0.2180 0.0125 0.2380 0.0000 0.2720 0.0000 0.5620 0.0238 0.5520 0.0575 0.5020 0.0725 0.4560 0.0737 0.4380 0.0712 0.4100 0.0887 0.3820 0.0975 0.3560 0.0925 0.2580 0.0938 0.2340 0.0813 0.2160
0 0.6338 0.5680 0.6188 0.5680 0.5913 0.6040 0.5637 0.5640 0.5763 0.5480 0.5713 0.5080 0.5425 0.4860 0.4825 0.5080 0.4725 0.5000 0.4387 0.5080 0.4412 0.5360 0.4325 0.5520 0.4387 0.5760 0.4338 0.6400 0.4437 0.7040 0.4288 0.7800 0.3900 0.9020 0.3787 0.9680 0.3800 0.9980 0.5875 0.9980 0.5925 0.9140 0.5900 0.7200 0.5950 0.7200 0.6150 0.6740 0.6175 0.6340 0.6375 0.5900
0 0.5637 0.2060 0.5513 0.1900 0.5487 0.1600 0.5300 0.1400 0.5413 0.1220 0.5112 0.1260 0.4512 0.1060 0.4075 0.1280 0.3262 0.1500 0.2975 0.1680 0.2625 0.2220 0.2550 0.2460 0.2550 0.2780 0.2600 0.2980 0.2700 0.3140 0.3025 0.3240 0.3287 0.3180 0.3312 0.3440 0.3387 0.3460 0.3700 0.3240 0.3962 0.3120 0.3950 0.3000 0.4100 0.2940 0.4512 0.2580 0.4637 0.2580 0.5000 0.2380 0.5138 0.2420 0.5312 0.2320 0.5587 0.2280
0 0.7087 0.2080 0.7087 0.2140 0.7200 0.2260 0.7425 0.2300 0.7825 0.2640 0.8150 0.2700 0.8387 0.3020 0.8925 0.3500 0.8962 0.3660 0.9375 0.4120 0.9450 0.4120 0.9550 0.3900 0.9700 0.4080 0.9988 0.4160 0.9988 0.2640 0.9750 0.2400 0.9150 0.1980 0.8500 0.1360 0.7987 0.1220 0.7538 0.1240 0.7338 0.1480 0.7412 0.1660 0.7312 0.1760 0.7300 0.1920 0.7438 0.2020 0.7175 0.2020
0 0.8087 0.1140 0.8087 0.1200 0.8462 0.1300 0.9075 0.1880 0.9625 0.2260 0.9988 0.2560 0.9988 0.1600 0.9738 0.1380 0.8838 0.0880 0.8625 0.0840 0.8525 0.0720 0.8337 0.0760 0.8325 0.0920 0.8287 0.1000 0.8187 0.1040
0 0.7188 0.0000 0.7125 0.0460 0.7175 0.0540 0.7338 0.0700 0.7375 0.0760 0.7425 0.1000 0.7462 0.1080 0.7488 0.1200 0.7675 0.1220 0.7712 0.1180 0.7837 0.1160 0.7975 0.0980 0.8063 0.1060 0.8100 0.1040 0.8137 0.0980 0.8137 0.0900 0.8100 0.0760 0.8100 0.0660 0.8063 0.0500 0.8050 0.0340 0.8000 0.0140 0.7950 0.0060 0.7900 0.0040 0.7887 0.0000
0 0.6388 0.0000 0.6388 0.0260 0.6362 0.0500 0.6400 0.0640 0.6462 0.0740 0.6475 0.0800 0.6475 0.1220 0.6450 0.1360 0.6450 0.1480 0.6525 0.1520 0.6575 0.1500 0.6600 0.1420 0.6600 0.1340 0.6700 0.1280 0.6763 0.1060 0.6850 0.0900 0.6887 0.0880 0.6900 0.0900 0.6887 0.1220 0.6913 0.1260 0.6975 0.1280 0.7000 0.0800 0.7125 0.0340 0.7163 0.0000
